time gssi_420mhz
0.0000000000e+00 -1.68867173e-03
9.7847358121e-11 -1.70045079e-03
1.9569471624e-10 -1.56668772e-03
2.9354207436e-10 -1.15508750e-03
3.9138943249e-10 -4.15976570e-04
4.8923679061e-10 5.46347385e-04
5.8708414873e-10 1.48210220e-03
6.8493150685e-10 2.14325077e-03
7.8277886497e-10 2.58930274e-03
8.8062622309e-10 3.60487684e-03
9.7847358121e-10 7.10839404e-03
1.0763209393e-09 1.63801926e-02
1.1741682975e-09 3.59385596e-02
1.2720156556e-09 7.09581927e-02
1.3698630137e-09 1.26248927e-01
1.4677103718e-09 2.04960790e-01
1.5655577299e-09 3.07307116e-01
1.6634050881e-09 4.29653899e-01
1.7612524462e-09 5.64282321e-01
1.8590998043e-09 6.99993890e-01
1.9569471624e-09 8.23526912e-01
2.0547945205e-09 9.21544312e-01
2.1526418787e-09 9.82796018e-01
2.2504892368e-09 1.00000000e+00
2.3483365949e-09 9.71042163e-01
2.4461839530e-09 8.99250961e-01
2.5440313112e-09 7.92714945e-01
2.6418786693e-09 6.62823320e-01
2.7397260274e-09 5.22367036e-01
2.8375733855e-09 3.83604663e-01
2.9354207436e-09 2.56663894e-01
3.0332681018e-09 1.48533773e-01
3.1311154599e-09 6.27425744e-02
3.2289628180e-09 -3.42953266e-04
3.3268101761e-09 -4.27798893e-02
3.4246575342e-09 -6.81107256e-02
3.5225048924e-09 -8.04504641e-02
3.6203522505e-09 -8.37634448e-02
3.7181996086e-09 -8.14082599e-02
3.8160469667e-09 -7.59471905e-02
3.9138943249e-09 -6.91591829e-02
4.0117416830e-09 -6.21711689e-02
4.1095890411e-09 -5.56284655e-02
4.2074363992e-09 -4.98498909e-02
4.3052837573e-09 -4.49434425e-02
4.4031311155e-09 -4.08826822e-02
4.5009784736e-09 -3.75566798e-02
4.5988258317e-09 -3.48076350e-02
4.6966731898e-09 -3.24643802e-02
4.7945205479e-09 -3.03724303e-02
4.8923679061e-09 -2.84164154e-02
4.9902152642e-09 -2.65303434e-02
5.0880626223e-09 -2.46943124e-02
5.1859099804e-09 -2.29206494e-02
5.2837573386e-09 -2.12355521e-02
5.3816046967e-09 -1.96627899e-02
5.4794520548e-09 -1.82139893e-02
5.5772994129e-09 -1.68867055e-02
5.6751467710e-09 -1.56684427e-02
5.7729941292e-09 -1.45431616e-02
5.8708414873e-09 -1.34969374e-02
5.9686888454e-09 -1.25207995e-02
6.0665362035e-09 -1.16105419e-02
6.1643835616e-09 -1.07646068e-02
6.2622309198e-09 -9.98160211e-03
6.3600782779e-09 -9.25867716e-03
6.4579256360e-09 -8.59121915e-03
6.5557729941e-09 -7.97360273e-03
6.6536203523e-09 -7.40033379e-03
6.7514677104e-09 -6.86694527e-03
6.8493150685e-09 -6.37030180e-03
6.9471624266e-09 -5.90833369e-03
7.0450097847e-09 -5.47947100e-03
7.1428571429e-09 -5.08210460e-03
7.2407045010e-09 -4.71429688e-03
7.3385518591e-09 -4.37379110e-03
7.4363992172e-09 -4.05822357e-03
7.5342465753e-09 -3.76538204e-03
7.6320939335e-09 -3.49337929e-03
7.7299412916e-09 -3.24068699e-03
7.8277886497e-09 -3.00605246e-03
7.9256360078e-09 -2.78836593e-03
8.0234833659e-09 -2.58654805e-03
8.1213307241e-09 -2.39949780e-03
8.2191780822e-09 -2.22610308e-03
8.3170254403e-09 -2.06528782e-03
8.4148727984e-09 -1.91606163e-03
8.5127201566e-09 -1.77754692e-03
8.6105675147e-09 -1.64897608e-03
8.7084148728e-09 -1.52966675e-03
8.8062622309e-09 -1.41899071e-03
8.9041095890e-09 -1.31635034e-03
9.0019569472e-09 -1.22116899e-03
9.0998043053e-09 -1.13289415e-03
9.1976516634e-09 -1.05100663e-03
9.2954990215e-09 -9.75028848e-04
9.3933463796e-09 -9.04527525e-04
9.4911937378e-09 -8.39110193e-04
9.5890410959e-09 -7.78417888e-04
9.6868884540e-09 -7.22117393e-04
9.7847358121e-09 -6.69895717e-04
9.8825831703e-09 -6.21457758e-04
9.9804305284e-09 -5.76526487e-04
1.0078277886e-08 -5.34844113e-04
1.0176125245e-08 -4.96172787e-04
1.0273972603e-08 -4.60294061e-04
1.0371819961e-08 -4.27007148e-04
1.0469667319e-08 -3.96126588e-04
1.0567514677e-08 -3.67480038e-04
1.0665362035e-08 -3.40906681e-04
1.0763209393e-08 -3.16256347e-04
1.0861056751e-08 -2.93389148e-04
1.0958904110e-08 -2.72175273e-04
1.1056751468e-08 -2.52494651e-04
1.1154598826e-08 -2.34236373e-04
1.1252446184e-08 -2.17297903e-04
1.1350293542e-08 -2.01584230e-04
1.1448140900e-08 -1.87007104e-04
1.1545988258e-08 -1.73484440e-04
1.1643835616e-08 -1.60939891e-04
1.1741682975e-08 -1.49302539e-04
1.1839530333e-08 -1.38506607e-04
1.1937377691e-08 -1.28491167e-04
1.2035225049e-08 -1.19199796e-04
1.2133072407e-08 -1.10580214e-04
1.2230919765e-08 -1.02583934e-04
1.2328767123e-08 -9.51659413e-05
1.2426614481e-08 -8.82844287e-05
1.2524461840e-08 -8.19005750e-05
1.2622309198e-08 -7.59783513e-05
1.2720156556e-08 -7.04843433e-05
1.2818003914e-08 -6.53875735e-05
1.2915851272e-08 -6.06593250e-05
1.3013698630e-08 -5.62729683e-05
1.3111545988e-08 -5.22037993e-05
1.3209393346e-08 -4.84288915e-05
1.3307240705e-08 -4.49269665e-05
1.3405088063e-08 -4.16782773e-05
1.3502935421e-08 -3.86645030e-05
1.3600782779e-08 -3.58686505e-05
1.3698630137e-08 -3.32749602e-05
1.3796477495e-08 -3.08688161e-05
1.3894324853e-08 -2.86366608e-05
1.3992172211e-08 -2.65659165e-05
1.4090019569e-08 -2.46449131e-05
1.4187866928e-08 -2.28628222e-05
1.4285714286e-08 -2.12095970e-05
1.4383561644e-08 -1.96759174e-05
1.4481409002e-08 -1.82531377e-05
1.4579256360e-08 -1.69332387e-05
1.4677103718e-08 -1.57087816e-05
1.4774951076e-08 -1.45728658e-05
1.4872798434e-08 -1.35190897e-05
1.4970645793e-08 -1.25415137e-05
1.5068493151e-08 -1.16346276e-05
1.5166340509e-08 -1.07933193e-05
1.5264187867e-08 -1.00128465e-05
1.5362035225e-08 -9.28880996e-06
1.5459882583e-08 -8.61712871e-06
1.5557729941e-08 -7.99401709e-06
1.5655577299e-08 -7.41596319e-06
1.5753424658e-08 -6.87970896e-06
1.5851272016e-08 -6.38223187e-06
1.5949119374e-08 -5.92072784e-06
1.6046966732e-08 -5.49259555e-06
1.6144814090e-08 -5.09542178e-06
1.6242661448e-08 -4.72696788e-06
1.6340508806e-08 -4.38515710e-06
1.6438356164e-08 -4.06806290e-06
1.6536203523e-08 -3.77389804e-06
1.6634050881e-08 -3.50100451e-06
1.6731898239e-08 -3.24784416e-06
1.6829745597e-08 -3.01299005e-06
1.6927592955e-08 -2.79511842e-06
1.7025440313e-08 -2.59300124e-06
1.7123287671e-08 -2.40549930e-06
1.7221135029e-08 -2.23155576e-06
1.7318982387e-08 -2.07019021e-06
1.7416829746e-08 -1.92049313e-06
1.7514677104e-08 -1.78162077e-06
1.7612524462e-08 -1.65279039e-06
1.7710371820e-08 -1.53327584e-06
1.7808219178e-08 -1.42240347e-06
1.7906066536e-08 -1.31954837e-06
1.8003913894e-08 -1.22413080e-06
1.8101761252e-08 -1.13561294e-06
1.8199608611e-08 -1.05349588e-06
1.8297455969e-08 -9.77316772e-07
1.8395303327e-08 -9.06646234e-07
1.8493150685e-08 -8.41085939e-07
1.8590998043e-08 -7.80266361e-07
1.8688845401e-08 -7.23844694e-07
1.8786692759e-08 -6.71502920e-07
1.8884540117e-08 -6.22946020e-07
1.8982387476e-08 -5.77900307e-07
1.9080234834e-08 -5.36111885e-07
1.9178082192e-08 -4.97345216e-07
1.9275929550e-08 -4.61381796e-07
1.9373776908e-08 -4.28018919e-07
1.9471624266e-08 -3.97068538e-07
1.9569471624e-08 -3.68356202e-07
1.9667318982e-08 -3.41720078e-07
1.9765166341e-08 -3.17010033e-07
1.9863013699e-08 -2.94086790e-07
1.9960861057e-08 -2.72821145e-07
2.0058708415e-08 -2.53093235e-07
2.0156555773e-08 -2.34791866e-07
2.0254403131e-08 -2.17813884e-07
2.0352250489e-08 -2.02063592e-07
2.0450097847e-08 -1.87452216e-07
2.0547945205e-08 -1.73897400e-07
2.0645792564e-08 -1.61322744e-07
2.0743639922e-08 -1.49657370e-07
2.0841487280e-08 -1.38835529e-07
2.0939334638e-08 -1.28796224e-07
2.1037181996e-08 -1.19482868e-07
2.1135029354e-08 -1.10842969e-07
2.1232876712e-08 -1.02827828e-07
2.1330724070e-08 -9.53922673e-08
2.1428571429e-08 -8.84943781e-08
2.1526418787e-08 -8.20952807e-08
2.1624266145e-08 -7.61589069e-08
2.1722113503e-08 -7.06517970e-08
2.1819960861e-08 -6.55429105e-08
2.1917808219e-08 -6.08034516e-08
2.2015655577e-08 -5.64067066e-08
2.2113502935e-08 -5.23278937e-08
2.2211350294e-08 -4.85440229e-08
2.2309197652e-08 -4.50337668e-08
2.2407045010e-08 -4.17773400e-08
2.2504892368e-08 -3.87563880e-08
2.2602739726e-08 -3.59538834e-08
2.2700587084e-08 -3.33540300e-08
2.2798434442e-08 -3.09421741e-08
2.2896281800e-08 -2.87047214e-08
2.2994129159e-08 -2.66290606e-08
2.3091976517e-08 -2.47034925e-08
2.3189823875e-08 -2.29171637e-08
2.3287671233e-08 -2.12600057e-08
2.3385518591e-08 -1.97226781e-08
2.3483365949e-08 -1.82965159e-08
2.3581213307e-08 -1.69734805e-08
2.3679060665e-08 -1.57461149e-08
2.3776908023e-08 -1.46075010e-08
2.3874755382e-08 -1.35512213e-08
2.3972602740e-08 -1.25713219e-08
2.4070450098e-08 -1.16622798e-08
2.4168297456e-08 -1.08189713e-08
2.4266144814e-08 -1.00366430e-08
2.4363992172e-08 -9.31088554e-09
2.4461839530e-08 -8.63760816e-09
2.4559686888e-08 -8.01301598e-09
2.4657534247e-08 -7.43358859e-09
2.4755381605e-08 -6.89606003e-09
2.4853228963e-08 -6.39740056e-09
2.4951076321e-08 -5.93479953e-09
2.5048923679e-08 -5.50564952e-09
2.5146771037e-08 -5.10753170e-09
2.5244618395e-08 -4.73820213e-09
2.5342465753e-08 -4.39557901e-09
2.5440313112e-08 -4.07773127e-09
2.5538160470e-08 -3.78286734e-09
2.5636007828e-08 -3.50932521e-09
2.5733855186e-08 -3.25556316e-09
2.5831702544e-08 -3.02015085e-09
2.5929549902e-08 -2.80176137e-09
2.6027397260e-08 -2.59916385e-09
2.6125244618e-08 -2.41121628e-09
2.6223091977e-08 -2.23685936e-09
2.6320939335e-08 -2.07511029e-09
2.6418786693e-08 -1.92505746e-09
2.6516634051e-08 -1.78585507e-09
2.6614481409e-08 -1.65671848e-09
2.6712328767e-08 -1.53691988e-09
2.6810176125e-08 -1.42578401e-09
2.6908023483e-08 -1.32268446e-09
2.7005870841e-08 -1.22704012e-09
2.7103718200e-08 -1.13831188e-09
2.7201565558e-08 -1.05599964e-09
2.7299412916e-08 -9.79639465e-10
2.7397260274e-08 -9.08800970e-10
2.7495107632e-08 -8.43084871e-10
2.7592954990e-08 -7.82120794e-10
2.7690802348e-08 -7.25565033e-10
2.7788649706e-08 -6.73098883e-10
2.7886497065e-08 -6.24426554e-10
2.7984344423e-08 -5.79273798e-10
2.8082191781e-08 -5.37386072e-10
2.8180039139e-08 -4.98527285e-10
2.8277886497e-08 -4.62478395e-10
2.8375733855e-08 -4.29036221e-10
2.8473581213e-08 -3.98012278e-10
2.8571428571e-08 -3.69231716e-10
2.8669275930e-08 -3.42532274e-10
2.8767123288e-08 -3.17763520e-10
2.8864970646e-08 -2.94785766e-10
2.8962818004e-08 -2.73469601e-10
2.9060665362e-08 -2.53694803e-10
2.9158512720e-08 -2.35349939e-10
2.9256360078e-08 -2.18331578e-10
2.9354207436e-08 -2.02543853e-10
2.9452054795e-08 -1.87897783e-10
2.9549902153e-08 -1.74310750e-10
2.9647749511e-08 -1.61706210e-10
2.9745596869e-08 -1.50013106e-10
2.9843444227e-08 -1.39165507e-10
2.9941291585e-08 -1.29102335e-10
3.0039138943e-08 -1.19766844e-10
3.0136986301e-08 -1.11106451e-10
3.0234833659e-08 -1.03072267e-10
3.0332681018e-08 -9.56190301e-11
3.0430528376e-08 -8.87047655e-11
3.0528375734e-08 -8.22904389e-11
3.0626223092e-08 -7.63399319e-11
3.0724070450e-08 -7.08197297e-11
3.0821917808e-08 -6.56987045e-11
3.0919765166e-08 -6.09479673e-11
3.1017612524e-08 -5.65407791e-11
3.1115459883e-08 -5.24522777e-11
3.1213307241e-08 -4.86594056e-11
3.1311154599e-08 -4.51407930e-11
3.1409001957e-08 -4.18766259e-11
3.1506849315e-08 -3.88484819e-11
3.1604696673e-08 -3.60393583e-11
3.1702544031e-08 -3.34333116e-11
3.1800391389e-08 -3.10157306e-11
3.1898238748e-08 -2.87729756e-11
3.1996086106e-08 -2.66923778e-11
3.2093933464e-08 -2.47622377e-11
3.2191780822e-08 -2.29716379e-11
3.2289628180e-08 -2.13105666e-11
3.2387475538e-08 -1.97695756e-11
3.2485322896e-08 -1.83400411e-11
3.2583170254e-08 -1.70138526e-11
3.2681017613e-08 -1.57835990e-11
3.2778864971e-08 -1.46422449e-11
3.2876712329e-08 -1.35834796e-11
3.2974559687e-08 -1.26012598e-11
3.3072407045e-08 -1.16900206e-11
3.3170254403e-08 -1.08447071e-11
3.3268101761e-08 -1.00605102e-11
3.3365949119e-08 -9.33302721e-12
3.3463796477e-08 -8.65820329e-12
3.3561643836e-08 -8.03211340e-12
3.3659491194e-08 -7.45128793e-12
3.3757338552e-08 -6.91245339e-12
3.3855185910e-08 -6.41261410e-12
3.3953033268e-08 -5.94890168e-12
3.4050880626e-08 -5.51873665e-12
3.4148727984e-08 -5.11966673e-12
3.4246575342e-08 -4.74944261e-12
3.4344422701e-08 -4.40600249e-12
3.4442270059e-08 -4.08741649e-12
3.4540117417e-08 -3.79186870e-12
3.4637964775e-08 -3.51767128e-12
3.4735812133e-08 -3.26329636e-12
3.4833659491e-08 -3.02732611e-12
3.4931506849e-08 -2.80839504e-12
3.5029354207e-08 -2.60533311e-12
3.5127201566e-08 -2.41697348e-12
3.5225048924e-08 -2.24219984e-12
3.5322896282e-08 -2.08002738e-12
3.5420743640e-08 -1.92960815e-12
3.5518590998e-08 -1.79006482e-12
3.5616438356e-08 -1.66067768e-12
3.5714285714e-08 -1.54060184e-12
3.5812133072e-08 -1.42917145e-12
3.5909980431e-08 -1.32583406e-12
3.6007827789e-08 -1.22994631e-12
3.6105675147e-08 -1.14100776e-12
3.6203522505e-08 -1.05852858e-12
3.6301369863e-08 -9.81987135e-13
3.6399217221e-08 -9.10988935e-13
3.6497064579e-08 -8.45135679e-13
3.6594911937e-08 -7.84049833e-13
3.6692759295e-08 -7.27334080e-13
3.6790606654e-08 -6.74737854e-13
3.6888454012e-08 -6.25971411e-13
3.6986301370e-08 -5.80678066e-13
3.7084148728e-08 -5.38702964e-13
3.7181996086e-08 -4.99739166e-13
3.7279843444e-08 -4.63606003e-13
3.7377690802e-08 -4.30067939e-13
3.7475538160e-08 -3.98981582e-13
3.7573385519e-08 -3.70115446e-13
3.7671232877e-08 -3.43346429e-13
3.7769080235e-08 -3.18521665e-13
3.7866927593e-08 -2.95511560e-13
3.7964774951e-08 -2.74135926e-13
3.8062622309e-08 -2.54305040e-13
3.8160469667e-08 -2.35900876e-13
3.8258317025e-08 -2.18857750e-13
3.8356164384e-08 -2.03046408e-13
3.8454011742e-08 -1.88321188e-13
3.8551859100e-08 -1.74720307e-13
3.8649706458e-08 -1.62106546e-13
3.8747553816e-08 -1.50399105e-13
3.8845401174e-08 -1.39515470e-13
3.8943248532e-08 -1.29419905e-13
3.9041095890e-08 -1.20035400e-13
3.9138943249e-08 -1.11423637e-13
3.9236790607e-08 -1.03366868e-13
3.9334637965e-08 -9.58523699e-14
3.9432485323e-08 -8.89155865e-14
3.9530332681e-08 -8.25512926e-14
3.9628180039e-08 -7.65736612e-14
3.9726027397e-08 -7.09959509e-14
3.9823874755e-08 -6.58266360e-14
3.9921722114e-08 -6.10553885e-14
4.0019569472e-08 -5.66551867e-14
4.0117416830e-08 -5.26036048e-14
4.0215264188e-08 -4.87874486e-14
4.0313111546e-08 -4.52175906e-14
4.0410958904e-08 -4.19437904e-14
4.0508806262e-08 -3.89424757e-14
4.0606653620e-08 -3.61361648e-14
4.0704500978e-08 -3.34904681e-14
4.0802348337e-08 -3.10573623e-14
4.0900195695e-08 -2.88440522e-14
4.0998043053e-08 -2.67608430e-14
4.1095890411e-08 -2.48121136e-14
4.1193737769e-08 -2.30151820e-14
4.1291585127e-08 -2.13370229e-14
4.1389432485e-08 -1.98170859e-14
4.1487279843e-08 -1.83774362e-14
4.1585127202e-08 -1.70585100e-14
4.1682974560e-08 -1.58249799e-14
4.1780821918e-08 -1.46983571e-14
4.1878669276e-08 -1.36189558e-14
4.1976516634e-08 -1.26275739e-14
4.2074363992e-08 -1.17019889e-14
4.2172211350e-08 -1.08724294e-14
4.2270058708e-08 -1.00913997e-14
4.2367906067e-08 -9.37189195e-15
4.2465753425e-08 -8.67816982e-15
4.2563600783e-08 -8.05852084e-15
4.2661448141e-08 -7.46725783e-15
4.2759295499e-08 -6.91082760e-15
4.2857142857e-08 -6.43793024e-15
4.2954990215e-08 -5.97000384e-15
4.3052837573e-08 -5.52774012e-15
4.3150684932e-08 -5.10935972e-15
4.3248532290e-08 -4.74072941e-15
4.3346379648e-08 -4.41461547e-15
4.3444227006e-08 -4.09142077e-15
4.3542074364e-08 -3.77347307e-15
4.3639921722e-08 -3.49043440e-15
4.3737769080e-08 -3.25579334e-15
4.3835616438e-08 -3.01195304e-15
4.3933463796e-08 -2.79419903e-15
4.4031311155e-08 -2.57019544e-15
4.4129158513e-08 -2.40249149e-15
4.4227005871e-08 -2.25494267e-15
4.4324853229e-08 -2.08097796e-15
4.4422700587e-08 -1.93031500e-15
4.4520547945e-08 -1.80451330e-15
4.4618395303e-08 -1.68766699e-15
4.4716242661e-08 -1.57040198e-15
4.4814090020e-08 -1.42744073e-15
4.4911937378e-08 -1.33552539e-15
4.5009784736e-08 -1.30052087e-15
4.5107632094e-08 -1.15137307e-15
4.5205479452e-08 -1.07651675e-15
4.5303326810e-08 -9.85134536e-16
4.5401174168e-08 -9.40742919e-16
4.5499021526e-08 -8.75359104e-16
4.5596868885e-08 -7.94567153e-16
4.5694716243e-08 -7.46644413e-16
4.5792563601e-08 -6.71458530e-16
4.5890410959e-08 -6.47880269e-16
4.5988258317e-08 -5.81676331e-16
4.6086105675e-08 -5.18444860e-16
4.6183953033e-08 -4.84114371e-16
4.6281800391e-08 -4.64484684e-16
4.6379647750e-08 -4.19859416e-16
4.6477495108e-08 -3.66314490e-16
4.6575342466e-08 -3.40238692e-16
4.6673189824e-08 -3.41384523e-16
4.6771037182e-08 -3.13191988e-16
4.6868884540e-08 -2.49532124e-16
4.6966731898e-08 -2.56239754e-16
4.7064579256e-08 -2.63570725e-16
4.7162426614e-08 -2.61049810e-16
4.7260273973e-08 -2.00626713e-16
4.7358121331e-08 -1.98867777e-16
4.7455968689e-08 -2.18706845e-16
4.7553816047e-08 -2.19937211e-16
4.7651663405e-08 -1.85511295e-16
4.7749510763e-08 -1.76013409e-16
4.7847358121e-08 -1.85580392e-16
4.7945205479e-08 -1.83451212e-16
4.8043052838e-08 -1.54960001e-16
4.8140900196e-08 -1.33370393e-16
4.8238747554e-08 -1.34115824e-16
4.8336594912e-08 -1.48244065e-16
4.8434442270e-08 -1.07620270e-16
4.8532289628e-08 -9.94121706e-17
4.8630136986e-08 -1.07015492e-16
4.8727984344e-08 -1.18039941e-16
4.8825831703e-08 -7.13626689e-17
4.8923679061e-08 -5.51212819e-17
4.9021526419e-08 -3.30751623e-17
4.9119373777e-08 -6.20811429e-17
4.9217221135e-08 -4.88799451e-17
4.9315068493e-08 -3.33706593e-17
4.9412915851e-08 -2.44809684e-17
4.9510763209e-08 -1.91116066e-17
4.9608610568e-08 -2.89774700e-17
4.9706457926e-08 -2.28153204e-17
4.9804305284e-08 0.00000000e+00
4.9902152642e-08 0.00000000e+00
5.0000000000e-08 0.00000000e+00
5.0097847358e-08 0.00000000e+00
5.0195694716e-08 0.00000000e+00
5.0293542074e-08 0.00000000e+00
5.0391389432e-08 0.00000000e+00
5.0489236791e-08 0.00000000e+00
5.0587084149e-08 0.00000000e+00
5.0684931507e-08 0.00000000e+00
5.0782778865e-08 0.00000000e+00
5.0880626223e-08 0.00000000e+00
5.0978473581e-08 0.00000000e+00
5.1076320939e-08 0.00000000e+00
5.1174168297e-08 0.00000000e+00
5.1272015656e-08 0.00000000e+00
5.1369863014e-08 0.00000000e+00
5.1467710372e-08 0.00000000e+00
5.1565557730e-08 0.00000000e+00
5.1663405088e-08 0.00000000e+00
5.1761252446e-08 0.00000000e+00
5.1859099804e-08 0.00000000e+00
5.1956947162e-08 0.00000000e+00
5.2054794521e-08 0.00000000e+00
5.2152641879e-08 0.00000000e+00
5.2250489237e-08 0.00000000e+00
5.2348336595e-08 0.00000000e+00
